v.best.pgs
0.542880537144446
0.275623170010538
0.145473807660142
0.59919771461291
0.701746642193412
0.529051792410057
0.89003603744406
0.510378525935778
0.632157319235585
0.294715485990123
0.812297874957768
0.507892015459617
0.524150960885274
0.773410925024331
0.154432473306821
0.922416286043332
0.533786252753793
0.881339958833857
0.0464263740358291
0.268965077145285
0.753907580200401
0.73194103653235
0.293480900232249
0.888093809289014
0.287493989356529
0.304313128384251
0.308303352289753
0.301926866904665
0.663411135369188
0.680426278730366
0.949950506510537
0.397995680018539
0.763150144238818
0.904430630537547
0.593436258153934
0.513205995393406
0.970185160827968
0.556384999487266
0.469324707354
1.10589896438781
0.876894303331583
0.215996447237941
0.305799973399985
0.851997907916798
0.369386826491947
0.210776564608978
0.481039689323184
0.429420036728778
0.842923174957381
1.47427100237215
0.987713428484752
1.34429189351694
1.16817912300697
0.620287490974722
0.512180022635475
0.107832772500387
0.687766262013234
0.691197063950426
0.896108097290519
0.826098187561736
1.21794082890109
0.730874537444651
0.524530750909076
0.59153117448147
0.664240202889329
1.07813837316066
0.547168338982791
0.323336756984395
1.14144147599455
0.419558819439848
0.590893553442012
0.794894029713253
0.920035589707904
0.669564575387482
0.338015003681565
0.666760451145725
0.836017603037481
1.07238819134695
0.165407560898327
0.367481195379356
0.847735395484466
0.724616992806836
0.43315662542633
0.542108868938892
0.806557638705022
0.321829529798936
0.482907699700503
1.1836726801075
0.870605770920543
1.14368784739579
0.300798686029125
1.03326201484788
0.42619411810853
0.517513281484411
0.880107896150769
0.704917257553338
0.55010831517326
0.570042058847492
0.0214845436714067
0.406126336080769
0.942399676977417
1.03312323455097
0.743432395416508
-0.115335270261358
0.466110176534013
0.448395233732702
0.722210934933938
0.799879431541426
0.874552774804153
1.2170671512338
0.631655561711163
-0.0118980688457113
0.610951716255061
1.92081112842321
0.640952887706098
1.15301956198903
0.597783990060789
0.271612467930653
0.869167104307753
1.17209927692924
0.969990124333808
0.881924090699892
0.938854235355869
0.704255925565414
0.662063189130512
0.554563108868477
0.980103376187651
0.639541055994713
0.998324628089183
0.813229284771694
1.0758109284749
0.456902258707543
0.934458009032391
1.10065134686832
0.864860890743136
0.774149511068709
0.700324145968126
0.778538791410856
0.80632854465981
0.979869283417863
0.322927493999875
0.624438084199749
0.796066022781983
0.838149264079352
0.689120177303777
0.82309225268613
0.720203677034216
0.754098597852653
0.35069416536572
0.163052568930861
0.911025721026901
0.696304122344643
0.908851097786412
0.966941159835349
0.840591177848987
0.749745344490888
0.840214584448292
0.384560793057164
0.375322658357068
1.41802706347699
1.09524132308679
0.689431501086735
0.28071443906503
0.37124657387771
1.06985795911845
0.647532255447741
0.0827684574706465
0.936437650429023
0.670752629861066
0.947574712220149
1.10824750104426
0.350828545509164
0.651003519011247
0.658577498418593
0.273232877159866
0.273545273425488
0.308087262907529
0.948765285668242
0.852713191880896
1.21110562121625
0.121378033750165
0.16775137298168
0.576596797583722
0.828016054617867
0.583653777797192
0.798715743313833
0.983293482052812
1.19982160241491
0.937373246781642
0.871633694524489
0.916035860330745
0.693357558241921
0.840129568370504
0.686804227170881
0.632828718815838
0.708031967551617
0.941025836584813
0.299432925466247
1.11369572489401
1.00772659599514
0.781575370272286
0.885557176706757
0.709109700572545
1.10360377187866
0.388920719509235
0.199916213058116
0.886636496450502
0.541971129585008
0.482592248879137
1.01930160393558
0.645309995840712
0.754575825814097
0.863334065673244
0.630053975844998
0.187698992183268
1.06386958061293
1.13524659902319
1.15097445908706
1.05975950209322
0.942082327116936
0.849439823535405
0.684414717229731
1.29646030145865
0.751975646990667
0.802960212702942
1.04015875978832
0.471705248062177
0.607713829451464
1.3078172539888
0.848312100211665
0.502308901809432
0.719596840645839
0.810371663175201
0.484881504581017
0.693858244833729
0.518197143075892
0.73148970590071
0.673816312781644
0.726005357889666
0.441822407379236
0.648830699728035
0.748423041864132
0.886761438776181
0.276664955559078
0.721734879921301
0.872446244839706
0.741457404432875
0.573992906986124
0.370180697639654
0.633851501828231
0.632166434210252
0.61621751342454
0.459200870061158
0.526366153887071
0.727679648239116
0.510844664459493
-0.121965105408157
-0.139544601712558
0.305171165166946
0.998506079167585
0.766894576303759
0.84874413477738
0.149636079349114
1.05333840575648
0.883718352253438
0.738696363255138
0.862882314458442
0.440077518050713
0.845328088763877
0.128634093802475
0.318585743409482
0.745857512715231
0.97655660183855
0.653500735804024
1.10906500715766
0.238572663099281
1.43310026712095
0.651238674703899
0.471463698873297
0.567198977237597
0.606402588586674
0.655322109853768
0.540279568285331
0.655285927588124
1.00232797337273
0.703931775511007
0.618871161852938
0.545158382327277
0.206465472319794
0.773653620409794
0.706425844781777
0.604068784445101
0.337648478066107
0.69435432673925
0.663271855626447
0.858711906007199
0.71027658702822
0.676955651518418
0.632641311108871
0.867083104935594
0.775553600483561
0.368393941485673
0.518615468024044
0.529616882563909
0.549207614386235
0.875492758233132
0.584601742763339
0.824653065634426
0.464438727446732
0.177189983775477
0.839848706944116
0.570284786077393
0.549233427970435
0.426950290885043
0.84218785070993
1.11534144866088
0.8172554823585
0.729971015131674
0.839040978289853
0.391481212505501
0.850784454245812
1.0834689878498
0.395497599287544
0.340930907839537
1.1424325708874
0.93387076098853
1.19795285103668
0.512678812686839
0.773801869181863
0.959447846662437
0.513651055055104
0.825750710058204
0.723502892399378
0.8667287101795
0.406857120758777
0.680734167285512
0.592037573548586
0.70160966908579
0.399239862838834
-0.183636102751007
0.5562353942223
0.732716708281117
0.658449203210506
0.681555716308432
0.266653332764032
0.689265387698188
0.830442178559016
0.578169965115133
0.341410583420333
0.257608634965
0.270772870441723
0.634950134022219
0.950001189700082
0.877110599427591
0.385160191520401
0.294898640346653
0.662958342646571
0.904173562996283
1.09386409603501
0.482885738436424
1.07375382842004
0.849154896721473
0.858388925439725
0.808214630160682
0.369398413632318
1.01851340483283
0.588545025665875
0.687604627278498
0.574775166096474
0.800215432607128
0.447094323067405
-0.020047275659282
0.585737502849465
0.544421124787312
1.28880048458077
0.0543027588950712
0.590981610798986
0.420896197299182
0.694667876096587
0.69816145587096
0.643500478388106
0.550656476764991
0.310731584539263
0.902289788239882
0.953769000561323
0.660550949659559
0.574581860271318
1.05653610833846
0.511880782172181
0.87190251328239
1.32496676639424
0.611030513870261
0.856800235999859
0.576501445854642
0.830568620185473
0.745317129842755
0.53683569830918
1.29358076886545
0.859757801977889
0.103668086381183
0.936386049275941
0.932641519145005
0.618547829496086
0.749296579663432
-0.0965633875485684
0.961791292453487
0.831764536460565
1.15868177774189
0.445968871950403
0.386776674846725
0.555061549122328
0.761791265329033
0.504054245403988
0.148020225342111
0.454870362595
0.375334058020309
0.716162254460954
0.475282161732517
0.741033834693608
0.34479838721315
0.255068684056668
1.05139011095417
0.928079636810483
0.653757951668879
0.218196377507397
0.819946997362549
0.307110623160428
0.287862066675005
-0.123597556334191
1.10291514991779
0.886101428356305
1.06061014514138
0.720833672251506
1.17248177626427
0.931544043494958
0.472919473594638
1.23102722002002
0.731253536254429
0.676306652189518
0.738608923492061
0.369899218522336
0.229376597220436
1.01252085111546
1.03853216446327
0.801415188394825
0.211382527562366
0.20698057828133
0.8388682370703
0.606295399189483
1.02940044957446
0.747281924474649
1.18026310188214
1.55137933438767
1.01313417547829
0.733749336990571
0.247916814644928
0.25114704228853
0.454545942146857
0.422944962963018
0.506208411582135
1.20587574654126
0.88529373574104
0.688954764862144
0.559365514117563
0.949917544719901
1.20360628033791
0.701963205180498
1.19690661233383
0.804564885928974
0.719055897154379
1.1219017600248
0.799225766452127
1.01428326137326
0.808293049173452
0.813309413970685
0.408152473523469
0.226894908940986
0.856523529207183
0.654825604319118
1.05817740019545
0.928529251460856
0.898640440215184
0.683148960062277
0.898176246218444
1.11867220626384
0.22713456131159
0.865847684441469
0.745638384954111
0.787562663087815
0.893979047893158
0.9151956697821
0.274994230769794
0.834448924540564
0.843146914081497
0.762860552672709
0.619647697277794
0.772929578307906
0.636015889035931
0.821259865638239
0.394643199308665
-0.0284309062646238
0.655222981196516
0.874257483415629
0.937385574193253
0.43968357570497
0.762220116003924
1.01764908461537
0.492900278066568
0.879098803580976
0.320576572259835
0.743686445964608
-0.0786848945474797
0.598439963136807
1.19880073368114
0.801442514781684
0.957680347267148
1.02370382683542
0.513943950704392
0.383759096772785
0.959215551125952
0.867586591295559
0.967158867914192
1.13825111152589
0.635213473377387
0.45440448731907
0.827680385910837
1.0547349072142
0.803269159288116
1.2802990472014
0.67987130320083
0.768245205796115
0.729380189061657
0.832693567700509
0.57306250226189
0.292884132369943
0.628934673204567
0.858717944236256
0.698519957169334
0.647452382583914
0.826869897508304
0.531387303120108
0.641438830876902
0.49726407146233
0.620884829766482
0.704530025190501
0.362385886328647
0.454258708857886
0.569606626587769
1.12919837415557
0.444391668412298
0.965291887818241
0.561283831289427
0.707829569451116
0.491047082861252
0.129157284246238
0.342161263480717
0.403222002715248
0.664521245703271
1.04640995727532
0.601711249940369
0.515096789760418
0.649013112981159
0.417183582398642
-0.0201688563472511
0.822226762581534
0.936877945083856
0.945999043132327
1.48374170381547
0.547632072204562
1.10995999898931
0.830508030140853
1.13716224166603
0.87408008390147
0.80048539190344
0.471808121336716
0.382440762918188
0.742635071847289
0.306237641028696
0.19536793020616
0.717772916519604
0.48756364466472
1.17997570788739
0.483646912220582
0.639346937832479
0.14146562770399
0.771176942301431
0.469276300821293
0.558176024501871
0.700390315544976
0.187158893960552
0.594972453542414
0.444809927351744
1.36351288088867
0.0178005950783756
1.15861902502693
0.0858155384510291
0.755292546144832
0.864704037789132
0.558403080105828
0.830279598387417
0.784508668043527
1.12172519807986
0.763020051468763
1.07953373002308
0.797405226413519
0.516978723703963
0.480410799454936
0.238950047019167
0.377004179005335
0.782049041433191
0.575290578591382
0.65936067564899
0.740261500768135
0.582886470113193
0.102629572703857
0.485008803761081
0.658386696377689
1.00883237755871
0.391338315861489
0.113906260447411
0.575125078489575
0.628636570260009
0.797728667577673
1.11360270957146
0.486868860128746
0.714652043455376
0.924733729241847
1.22088461110308
0.372580754170936
0.759579683777713
1.23255140408898
0.488220896780507
0.800831542390488
0.884506435357875
1.0599027177108
0.365584668843718
1.04323654134969
0.609753451172233
0.577280133245446
0.119787309369544
1.03147803607646
0.690131300362906
0.501087529433746
0.289430006464654
1.0432540636424
0.507391974348651
0.336766567319387
0.70122361463049
0.897033827251359
0.800497678506406
0.370928707365935
0.848956572587636
0.396032130063769
0.798309898192
0.214805594782508
0.829430243760098
0.501223441355758
0.95686583797108
0.917859329729243
0.415777962483241
0.501746727483259
0.200348819561854
0.508449992336579
0.60275588669668
0.142962278336857
1.16206495499025
1.41322070600528
0.354317201228652
0.935512315884865
0.383320972955805
0.51216118979883
0.798337025823826
0.579434213359425
0.777167193508151
1.48214849268886
0.474401207855473
0.642338556465007
0.653542524422926
0.664848096828404
0.293121532302591
0.665902115926697
-0.165114749284757
0.146038974831239
1.24969270042415
0.626080672752954
0.910084072268722
0.692787340612681
1.20208374991608
1.07422179982975
0.718039469027525
1.22263653897684
0.711945697977684
0.738550016605895
1.0019034918949
0.749017136634551
0.515527089729594
1.14050856744913
0.143585793963263
0.788774862713911
0.500777715795575
1.05094496287249
0.576721199630542
0.727494954765856
1.0450824684339
0.481202348301005
0.919184326911407
0.670002982928022
0.721874509191088
0.859102906402601
1.02432659594992
0.662174711918824
0.539353527398102
0.667359984184505
0.744557697977506
1.13602030936401
0.194232187655353
0.849732102173282
0.424381309535165
0.903852695254667
0.487437001139911
0.435484138949874
0.667972046898137
0.819486382133227
0.580287580995882
0.731943939093335
0.745147063239349
0.535710607650487
1.07622606190688
0.635953608696462
0.309060283068149
0.620375782687394
0.824676135137855
0.505927160229526
0.673987114606704
0.536635741622955
1.1167873277782
0.872596171297923
0.663576882217235
0.932112454950653
0.699523618487053
0.563064875473738
1.01376063552315
0.846997806246147
0.850095775553241
0.64816546984123
1.19527422612008
0.706826288049322
1.00837586151084
0.657472293923466
0.884457199730233
0.757171419897945
0.562943433755444
0.213475952704176
0.576097395792453
1.05236132892411
0.772734318193399
0.30837633199808
0.862747779559566
0.808942449603156
0.220056510024792
0.92266124978749
0.749081008632433
0.806891836427146
0.779463390988772
0.666146287467961
0.776582479288355
0.329981088015318
0.959318057785246
0.200410949196853
0.908717908473511
0.762263989180304
0.451791087560054
0.498097296989149
0.9521583458368
0.574638375265654
0.306615892713201
1.41126510821272
0.728354385272689
0.937017674384585
0.103663031568934
0.446341835890557
0.568536281041118
0.926973219312503
0.973102521452563
0.834187218849936
0.683036035663268
1.01524027092938
0.217215135762731
0.53918634051857
1.2652402936302
0.790600714436634
0.382861068161435
1.11920765319803
0.292258830978184
0.309971964539087
0.522357286030673
1.46871489302009
0.969444890912038
0.759633096193469
0.635701118075994
0.887565506956641
0.668539790490131
0.407827723402757
0.793071550591127
0.49871255287317
0.153706857690544
0.482423462591171
0.597945001476721
0.761095842812522
0.720809437075025
0.803912751326133
0.808717587044498
0.73084096721582
0.984560163796675
0.911442357282402
0.521041909578371
0.801597235921917
