v.best.pgs
-0.132963464522519
0.340295410319283
0.111881349943242
0.267271486038267
0.619697693452388
0.393179543666471
0.53126835455118
-0.329654446083356
0.578286083473625
0.362585377707092
0.828332388248175
0.144784916724496
0.622926740651626
0.425923460200852
0.252218711147873
1.05465813946481
0.384462981732066
0.694657926507928
0.248379310163103
0.476925340859949
0.39595890631691
0.450834594236789
0.30383219525623
0.42093284972338
0.398495827467724
0.328996659518348
0.00520160688692389
0.495115804802816
0.568559527934502
0.494144373173781
0.127197693805049
0.567523340516163
0.626531941940066
0.262580527930569
0.693185803027754
0.231934392544178
-0.00433504805213046
0.378419041595271
0.686681186333377
0.422342145562708
0.57754879551305
0.396859929020866
0.242566923162795
0.460039410177857
0.508901492030253
0.303028778712181
0.749299161804597
0.0143349459247488
0.040563147557383
0.841372742663946
0.672933588286712
0.874252312192542
0.73877241895536
0.526989565797612
0.327215810589827
0.470636845742609
0.378892807538117
0.706414618416131
0.574786425359519
0.890969636632484
0.66544901112968
0.781064195158076
0.531651087495146
0.479678614446555
0.404455289688316
0.820627659593775
0.280174719394584
0.295985062794634
0.818745395061154
0.625118681802931
0.748711061149166
0.542965863637911
0.458663356110823
0.0781591248396002
0.306745740024352
0.53822852158423
0.0531186582140609
0.789697693573167
0.317106074585951
0.106293966625477
0.549738525645531
0.271533694530255
0.653472633673247
0.569757404798245
0.687563371551681
0.2083308744265
0.242486479056636
1.01086442582886
0.859288298298898
0.669754304963744
0.170850641726107
0.791247989407531
0.623318987185378
0.317911498097399
0.871641537303975
0.262968265152505
0.454429328004183
0.0342681772465238
0.446868889781081
0.453890144136886
0.738100204899545
0.540483281867222
0.691919887795918
-0.237371960544645
0.406246563837294
0.578576965393686
0.530889923059608
0.636621496707181
0.0585272441592395
0.742206156214703
-0.183198001098472
0.113177253303623
0.43482740276996
1.3084028480002
0.610494143982774
0.320861419532605
0.496641553272684
0.32706885362391
0.237366950381618
0.676694261601741
-0.000407134934454906
0.687572638696337
0.680472821332668
0.115743749616321
0.414018938054486
0.70348176347295
0.709592334401339
0.262607019033395
0.737638335647599
0.122094790811513
0.505102371356758
0.627946965536898
0.582422066988017
0.848935696514373
0.312935752564798
0.0176442714288472
0.694207869091284
0.544683628409783
0.369437505929695
0.317818215438114
0.432854561379095
0.444226801912923
1.17150746967444
0.608010789103025
0.462991407708949
0.643191407957096
0.447530366080645
0.461872688154135
0.260063566639952
0.135703805539887
0.781295414838191
0.14368032403794
0.517190673328934
0.620605262466102
0.688357233831356
0.0617690283336998
0.782841443424474
0.141818727659583
0.186436906453787
0.470517199598156
0.555841631183731
0.140269224800938
-0.095740039988465
0.355427722030644
0.88360829591764
0.402455505458445
0.104573231931624
0.613868249260023
0.308806417496529
0.130589138299166
1.33373485940975
0.264558655961192
0.000710558254616023
0.375914155705376
0.254459473350314
0.220468082255289
-0.154629986671112
0.638527307938887
0.509344374587933
0.54075412211296
0.165214235300778
0.209067660842837
0.181083739280694
0.275295278506243
0.639158449469924
0.84042343109935
0.808085345401434
0.603758263232103
0.783631777952319
0.535202387377318
0.713991223092593
0.48911082671308
0.111320765080252
0.545811041373855
0.482758116741523
0.143489402148332
0.539949663455862
0.27502187220649
0.765529940897647
0.775811430180174
0.594654542794468
0.492850090466583
0.449511739806243
1.06396522121809
0.439526260958474
0.217239739441357
0.697485894557822
0.669707798086562
-0.0346186319634646
0.575495519389886
0.252728471388743
0.308069194995334
0.417440968393894
0.566421780566801
0.219346672754764
0.637108769936151
0.828644165494394
0.663713623963086
0.657787694914417
0.61164040056436
0.698435812283131
0.670972522028044
0.161611970370399
0.32806289818703
0.206597759357388
0.275852563318044
0.557820454312058
0.477719898109626
0.887043017616183
0.678171557737033
0.254340673537187
0.24107885511253
0.953152461569217
0.559497414990524
0.728044673203725
0.646612625718272
0.66513779542277
0.268313524185945
0.358709046015018
0.605607105034657
0.440473525545821
0.356255714150893
0.735901855606151
0.217997523867224
0.672233103169075
0.860967231195521
0.0188974680769483
0.101957949358208
0.342678480639556
0.826982179811578
0.570881124648783
0.564996901071886
0.271481931487655
0.470038709321551
0.579810343069119
0.508953966754396
0.151282418602993
0.0268500355833224
0.33986203292946
0.4598923664143
0.17265470727271
0.663511358424429
0.0415172671934453
0.157494908014508
0.482549151342334
0.773641882135752
0.35687185483289
0.203422640265577
0.235048565424302
0.19667401921239
0.269640630930832
0.413379581761294
0.778760069230732
-0.0464691939610119
0.373319437891945
0.220220260568606
0.950279494776304
0.427749456966995
0.267961774018292
0.293990321377284
0.0671621495541778
0.904192028509916
0.115698283792405
0.335361174807404
0.776199235904622
0.913469581081347
0.579033394418973
0.299413516038048
0.464504203062814
0.948663113724799
0.606034685466517
0.0810548853913198
0.0817947970513768
0.275279103615828
0.564512403390559
0.658858775058937
0.534694917433964
0.279314100815576
0.350831206448418
0.603200787588069
0.553086811223072
0.364473230638943
0.356097578935535
0.238304617597283
0.497324886716301
0.405795444539265
0.450005311513705
0.578079574232964
0.388936835638195
0.0518730112973159
0.627472317839911
0.799404716743397
0.434638321467693
0.265602628690324
0.417767781270271
0.396012660904712
0.364024321062524
0.436625889535825
0.874352959700415
0.41083884267953
0.458565062795337
0.908725737535384
0.34794725243757
0.351454968628822
0.685463516751766
0.723405679106134
0.734988651673863
0.654366925535135
0.556887137886935
0.780552975889107
0.179265057628505
0.415527676615657
0.524318404758381
0.450184204621756
0.447839059588178
0.419301646672207
0.254370669698683
0.774167938929449
0.484798697579554
-0.144704678992625
0.395678678683321
1.08168443357246
0.391438226162965
0.670633101949143
0.224769311393604
0.303266957683658
0.355131762479408
0.307563977361342
-0.176168740261586
0.316138971032034
0.138608360255509
0.623878535467205
0.454787569717407
0.501445717959044
0.0917013343875245
0.0259353855971133
0.626720987960063
0.758570148488867
0.910842033489117
0.422935311965134
0.525660737334887
0.561304549883972
0.494649325803204
0.507705915064639
0.564157480324389
0.703991560379034
0.46341463456817
0.39418887902647
0.437245333134061
0.485235569247772
0.321849267925281
0.337666468518235
0.468476816282653
0.466910565767334
0.625163187520345
0.515772370019675
0.502568316997625
0.489367350527872
0.441542561799739
0.598996670943018
0.1728544237827
0.136343331401741
0.557282842170124
0.447247136816765
0.8048547970878
0.00415691298043752
0.52876641926734
0.519293787885484
0.54561543454188
0.776947160059729
0.838713578295141
0.582362753188807
0.788519430772709
0.287507905270854
0.558551403736144
0.383351877131533
0.531400593038744
1.08707834062821
0.129142351311052
0.24879175427913
0.686271027396185
0.484927204723483
0.376160689710234
0.493883972318701
0.0284409110479034
0.717679634213525
0.397469922656509
0.822238998075008
0.144224219135
0.40565395643941
0.42462823524429
0.386159181213139
0.304620528590365
0.14388405317103
-0.199847360981193
0.360285566521782
0.444415299421804
0.00355132063796658
0.526363908120442
0.274240931120023
0.531731641811309
0.353702268815562
0.736917665628547
0.689501740527528
0.280740386576281
0.250334605030991
0.142771572368186
0.280146210819062
0.0154024241180475
0.182959768555498
0.0636923437082239
1.10850339850604
0.183413170690162
1.07289242152071
0.585076510526703
-0.018585597704545
0.704792626323486
0.227394466583389
0.650026649721987
0.497642787207475
-0.0771033434389949
0.297181896711455
0.468749944012646
0.831304508161163
0.638451716195144
-0.235502916817534
-0.043714662690481
0.606263456064659
0.52918899752307
0.640043423467593
0.711173748484019
0.597922115757412
0.879768955573625
0.518474472205471
0.266091155794322
0.0538286206242617
-0.0708243024584243
0.290838177524736
0.214785814028293
0.126467312103807
1.04406820585201
0.654712021002912
0.218220761198582
0.685704952145744
0.625417762828417
0.646145888717632
0.391057758850891
0.882465777868796
0.521565346355435
0.0608335551267958
0.12169754092261
0.381346490466891
0.61325206133749
0.387617683605424
0.639753518931744
0.563001985476838
0.0195926675257982
0.111358605702691
0.529468227530231
0.533120766853769
0.576860277292392
0.868045754909172
0.473234252136078
0.75548202501075
1.1284358131801
0.412809939832631
0.564079577762333
0.478050469017432
0.734260602661341
0.486898161412053
0.558787101950668
0.336206655188184
0.330568100327733
0.761021449606332
0.432750851712911
0.0748343705603488
0.717553845334793
0.520735223926671
0.705613794016805
0.43578299848315
0.0465100626888268
1.01740053989716
0.16533354791641
0.944459328489794
0.235775307427869
0.846377665034745
0.599432185812787
0.53834009089201
0.957716525100712
0.216808950611613
0.34086980135121
-0.264215620312962
0.419245216501615
1.17974199098843
0.514472651488114
0.857517710596664
0.484431437496317
0.233280494416642
0.32623031328059
0.676766492481674
0.194947934002043
0.179521813997866
0.587094828563947
-0.0546590532709775
0.496195709481954
0.75844840452638
0.723540836555736
0.676100297558222
0.337045272119845
0.383880387260222
0.403123803388173
0.554838497714916
0.809602649474431
0.560404665545679
0.414224557098967
0.20961835369727
0.575793968228442
0.516294580121627
-0.012787543837104
0.337361883230252
0.628077167609031
0.698910801719005
0.13788832729139
0.781809085033465
0.326620250721909
0.292300345764257
0.431463062859036
0.653638513782016
0.336195443433869
0.386140492201688
1.02589585507331
0.433395770197113
0.465959121141362
0.244353711180473
0.0843943477180133
0.622177336155631
0.181792188102912
0.50070539404671
1.09545530300202
0.69088985383473
0.372056622131833
0.254602081133939
0.473739712955457
-0.111223379625062
0.338951273180771
0.311231311687198
0.750001144823819
1.20550643983361
0.0573106494293602
0.3060764312032
0.265119397332947
1.11428798279887
0.725066581517405
0.553857535711874
0.305064474670751
0.371264298975941
0.580373127350617
0.066149383283268
0.0483072969377693
0.439889359755195
-0.023061114114676
0.947458242858497
0.504195999155424
0.631281719907909
-0.0728666119356521
0.65696398389938
0.104258139032468
0.538512386429175
0.403922461335773
0.154424284829703
0.735460305932018
0.580695479723703
0.472802719695049
-0.0785015040006651
0.601501989942922
0.133109418366883
0.664260263691532
1.1588990422469
0.077559859581319
0.592079627274425
0.612908085278617
0.35186189715408
0.873001506633232
0.569601921622019
0.00439473981894489
0.448282993638671
0.488503071099
0.486620903596338
0.233931433965581
1.06427997410618
0.155996897198817
0.655185040868983
0.523724888546021
0.192492533821071
0.12315155917358
0.273984382247028
0.879011109293869
0.476054343141739
0.486055223797051
0.242913538769868
0.406608500026445
0.491583938540013
0.503024903434462
0.518507975909931
0.210464165568693
0.684294982189923
0.901174762727128
0.741563272480363
0.182479827553103
1.12632857467068
0.785999049634488
0.293668034131647
0.426117206731795
0.249307965868542
0.838103288697961
-0.210014590367346
0.449844688778184
0.603637263185979
0.744729232851092
0.338821902158823
0.382260726845606
0.289860801426566
0.319734207369479
0.453246225632309
0.711658324268831
0.287809519771835
-0.0720345538600607
0.555030859666898
0.528362591145147
0.525549938866389
0.147098149605672
0.142130896922062
0.287356395746514
0.909490024510548
0.0752445221187834
-0.213383357697094
0.219887164192997
0.463823773526623
0.587471606908042
0.728952876425174
0.225358582483631
0.223324626431776
0.263388046785863
0.177746739525628
-0.219183877715994
0.465102789759908
0.856614559391756
0.180593898940148
0.184703185029386
0.568502228008524
0.632622058274684
0.543306697290253
0.642761074851087
0.475945773978927
0.921293599940801
0.506089070343601
0.292593350235408
0.647211979438802
0.367247687623144
0.403135495031807
0.590651458716374
0.0426265323832831
0.27623503288523
0.857687516583302
0.391195989454993
0.956219798580465
0.268018340210087
0.586808967991785
0.761464387092386
0.670702280119783
0.585056812052096
0.293893308065876
0.189858671600287
0.76606202909963
0.662171009428443
0.592401508495386
0.784267232676426
0.085297094713988
0.390573978507439
0.101024402018276
0.856408542078697
0.379338888580437
0.680765028423893
0.785502018694516
0.207257188626664
0.286530757198866
0.419446397329255
0.660626736816251
0.109637295025257
0.244151874616886
0.45372902473435
0.399724155785187
0.693317615984308
0.626898723409674
0.554473149555338
-0.0902505134101137
0.880608529870288
0.190667738470775
0.798637243802025
0.722744517697521
0.491728792680908
0.396838575906855
0.621644335478224
0.287488089879023
0.556784143305008
0.93945540694377
0.608600140004368
0.382402703541274
0.353063834183115
0.191932768734293
0.147955733723675
0.207280874377138
0.597314329601345
-0.191517308750195
-0.140049126539711
0.0569829273473372
0.543526463411848
0.496739707613989
0.406883109158719
0.463963426921643
0.584261272591934
0.330674320624694
0.345196062913042
0.284441368301478
0.545632142777444
0.407720812921659
0.97683106775557
0.333740697331227
0.510384997557115
0.96637798699881
0.691832891548799
0.555747580378762
0.468754432204517
0.679040104057358
0.729168344196955
0.00406375004381248
0.131892682522856
0.941180242681529
0.50143479699267
-0.0595591235617614
-0.0637513396993225
0.560649830452298
0.260835232257366
0.729159330670984
0.475839079113685
0.441549613570359
0.22605038879034
0.645310162464146
0.13932478093323
0.551512493236911
0.410704674233895
0.26554152772586
0.428918251530726
0.512252172806392
0.644145288355831
0.758417335720564
0.501687690284632
0.448689878417477
0.530601852952032
0.138773052854184
0.654861705366011
0.410021350147193
0.437768877863061
0.409212504715225
0.285265137505802
0.566238254857028
0.839413511454353
0.356327293077452
0.691952579193962
0.600640430021752
0.237255446131697
0.0119841275257686
0.682642528541497
0.323453145523407
-0.018924899660072
0.105364186387415
0.617905435523931
0.100796217115077
0.74738789147078
0.684754223461582
0.467675961469794
0.385004289064959
0.614774520924585
0.38811698381197
0.427222089677694
0.232918757119763
0.38728343259943
-0.129680006508156
0.107502857272194
1.0094066174673
0.181010712556645
0.894584426777818
0.49912710785748
1.04081011792759
0.966678125737174
0.675128699510695
0.631469983906068
