out2.pgs..0.2.
-0.0074871514028257
0.489960504836514
0.434094893475032
0.0128333362659588
0.476900546447578
0.212471659073128
0.667530501337095
0.308125298196245
0.691691938188533
0.179557563992302
0.0342294078068995
0.0302761945524667
0.350615728266598
0.103514031491485
0.433172435428102
0.184115875877423
0.404949712960062
0.00140675342721083
0.21186234671706
0.082711275345755
0.268523185375344
0.360132734571809
-0.159913837875803
0.0751404973213305
0.226203084402139
0.0359621260716576
-0.15931185230395
0.285645643653799
0.254957850258409
-0.0342012893799336
0.384784733111815
0.245242780472275
0.11791673282573
0.0994988901163208
0.123084239205008
0.383455441475394
0.142738001144015
0.468785611008429
0.393595797843572
-0.0995637020605872
0.312318887618994
0.107146338207071
0.322941816846885
0.160436828558368
0.109128085110567
0.143609621749803
0.133662944127227
0.326234936890932
0.161209797553375
0.200822794252144
0.496059937013688
-0.0506156789576082
0.441360049263713
0.383096842142398
0.257473854219463
-0.0191634502347104
-0.34211076791063
0.270318423453071
0.076515718098714
0.738127406210939
0.624145574505777
0.147452144347447
0.0510391948729036
-0.0966699165722718
0.336936099047667
0.15023556147656
0.379122989150656
0.182290142737607
0.215888737198391
0.646230267545075
0.324320201425451
-0.0400599424625278
0.161986986816185
-0.134576177056804
0.322794718154719
0.0892378166447231
0.110085167533934
-0.250281253988318
0.509640715898944
0.343183763318382
0.384438613689522
0.419241666048771
0.351081831107743
0.442817692119377
-0.499409197078842
0.12236406042208
0.203397174104865
0.065417480577185
0.333623588392072
-0.0178220868049129
0.34275072306614
0.186682747617679
0.396731274576748
0.33238707276288
0.0257416876035848
0.24255743365444
0.348449456900772
-0.00179770395714274
0.579410208807068
0.39724877274131
0.158355140063587
0.00194271468731094
0.419467497537306
0.402954369314477
0.0577753824745841
0.0715706367059278
0.341635233424561
0.249557051922357
-0.201638791043814
0.471410439958232
-0.142778078029604
-0.0889709699457678
0.080491314007912
0.302319938160885
0.375049134967676
-0.282299708980011
0.0357342975458337
0.470535473408302
-0.0389400906369425
0.404280795714533
0.198683110981654
0.159581080244361
0.152513144386761
-0.166474010652303
0.316192760503562
0.2007451032423
0.14226691475699
0.161716451110679
0.296770133348363
0.0832699905381256
0.430820517689446
0.790575773343451
-0.0716416098137626
0.463594142506902
0.5658868202765
0.144901179412152
0.173297152411455
0.296892497031341
0.412975660904533
0.322017233805522
0.167600757621332
0.622204638691431
0.281958399945955
0.0940282611706169
-0.0845437632865238
0.190632660854362
-0.105907993488933
0.0821079558378304
0.309328141294134
-0.058935516697414
-0.00141419463069051
0.381013992971978
0.0190949982812744
0.186049668678986
-0.0778491073854775
0.0296620313226856
0.134164967074855
-0.0335887954200111
-0.108841451753853
0.384749190724562
0.146777037551071
-0.0497591098514606
0.114204213953683
0.45487465959039
0.3870758083772
0.279831692443641
0.594376521187652
0.0706222297288908
0.236743881677911
0.0701368534618268
0.290807175413016
0.0445617339650276
0.438502332337295
0.230523766281454
0.337150046512691
0.224010103249602
-0.0340864538581681
0.279596075263988
-0.0719940054958807
0.295063963139642
0.213801968684878
0.246825765674559
-0.0863791428660489
-0.0371423732485842
0.643395687186624
0.40131292055632
0.0317760412766444
-0.112661162649989
0.0951757936818909
0.271178825469711
0.212989855163131
0.278806618518292
0.0492248860712421
0.186035339218615
0.56754812123036
-0.290192534549817
0.147424536365597
0.393419685358551
0.035190030682746
0.50653275141156
0.155745335014889
0.273216143760669
0.212780881109203
0.678018151365586
0.365271940864826
0.385367415724778
0.169209724587844
0.279797718587476
-0.0235393386152336
0.217366934086376
0.255981304407995
0.115968495369474
-0.299543073846637
-0.0720806121238638
0.282195547298958
0.0935406236705587
-0.0684757394645631
-0.0962395869833648
0.304373007645957
0.177800003542631
-0.0500664647847003
-0.0719171762370358
-0.122764945021231
0.371132247186323
0.133719086188457
0.52641861131272
0.176975839455913
0.196478621705556
0.222796450000167
0.403534684388858
0.128159235610777
0.120154579881957
0.178601904292625
-0.159052532638863
0.030932726595537
0.35152312155983
0.0692765649233354
0.188716441609787
0.303194787255707
0.412841829446105
0.508999990868458
-0.0595935515394722
0.450956534682008
0.158645174228678
0.107248726677593
0.388682776035432
0.210938093105577
0.380877668842649
0.2917686020981
0.0319545664150709
-0.123454061697885
0.284919243912806
-0.133702246398627
0.235940166084925
-0.00202409276642884
-0.0115574938515174
0.490908452314908
0.500358710901225
0.21716352979389
0.245249368034707
0.0270894492448976
0.386437079415565
0.424380209969064
-0.015743330750643
0.322536070382121
0.23394894912896
0.214994372817005
0.173541427668909
-0.0559867287496016
0.0394660707157432
0.486383868739095
0.0416778869002701
-0.0310455882190641
0.206615694025561
0.13597398239785
-0.0442629760930113
0.152108243806369
0.390120364865749
0.510936494585843
0.39386464013424
-0.151103166010067
0.292157149748709
0.317568365507146
-0.153201674071401
0.325020074033728
0.242474965641277
0.222247103992179
-0.300952199239289
0.0693698206306815
0.0830053706237808
0.295099324595867
0.264688063941065
0.0216881105883134
-0.242764044471418
0.326689331739398
0.21987403571528
0.0823223651208538
-0.199955660171353
0.352820275282851
0.197710743168359
0.225107350902197
0.164526955023635
0.425245702096538
0.222598267010454
-0.120441180771446
-0.104607005462934
-0.089394661160339
0.208404779623176
0.0320397954433302
0.600511993000823
0.0952727960321802
-0.0381932339331607
0.467819480563282
0.145075194224382
-0.403503987962307
-0.316253560478905
0.391403503853445
-0.00582056208469045
0.365961824557401
0.0223531926986377
0.135126855558245
0.27919223879639
0.404247892094402
0.253704492278633
0.339255058890506
0.26265727912998
0.0918290128144915
0.26479664389047
0.308336925800939
-0.116036060240283
-0.0929604822239963
0.258425901374922
0.219671819336271
0.15969642752812
0.515729330260077
0.227358141641257
0.245279026118543
0.108220217429805
0.0713692385968043
0.375855368067112
0.29280293709983
0.463549667446845
0.152289970566088
0.0186658719950768
0.249562378688402
0.0733240943662755
0.0271904634410806
-0.209874268146505
0.540767274233958
0.363049337002053
0.24016081343022
0.588162255213421
0.141718340826856
-0.0838786674451932
-0.0889783617962143
0.153354334452479
0.437926588300478
0.154733078991319
0.351601185220253
-0.207512875851434
0.20546262156346
0.122249733306343
0.19534009175578
0.285894515499889
0.232551859266932
-0.191087830150959
-0.274261576848288
0.426886858128167
0.2150682496151
-0.0152256031453215
0.259523418592759
0.279244839049766
0.0452099296098155
0.257831605205281
0.176752052430864
0.00573031095341198
0.537177898081999
0.471851891114494
-0.0518217785846201
0.361005054629816
0.215013629565013
0.522491948107349
0.224685387425391
0.307907620908427
0.00714951409625336
0.0875125757520471
0.25521918116294
0.329340916176628
0.413302556455079
0.16575225611087
0.219673366193418
0.247066600862769
0.242207315322771
0.141447829385537
0.653157155707839
0.164273551224172
0.608067417954821
0.492175393437645
-0.0331540220908848
0.375275543644271
0.045420194735602
-0.0842642350251962
0.414051011593179
0.253213549058723
0.188696789235595
0.0914251658624269
0.200159255714721
-0.115084384749755
0.537085329040303
0.0998716536398174
0.408427641256639
0.318683295230728
0.0681091171561457
0.0267826225460812
0.148186196696265
0.163401278547079
0.213368236221966
-0.0349785192042501
0.457562037833942
0.155721539554899
0.155457110113761
0.0578824551675568
0.23696457792209
0.486783126760701
0.214669618492589
0.355068544868599
0.22312639586642
0.393138231610724
0.170028018823728
-0.0812732355840313
0.0983028173798241
0.414386884724898
0.345584366654055
0.015791093015929
0.141720676115212
0.121959184225026
-0.226446289551492
-0.11955831183974
-0.00491776649096333
0.20228961481032
0.28316073966626
0.469115797550153
0.0129433010246788
-0.121596069038479
0.740874178024254
0.229056879104159
0.180968118081884
0.478724439623674
0.480967919284318
0.199479783475749
0.17087344809857
0.165848802412008
0.425358204927472
0.215527017368803
0.351308730308286
0.167420136128134
0.195614000387064
0.280952867505904
0.0540678072307877
0.154747621970307
0.290702136190514
0.700705224866591
0.328995089154725
0.278846749883287
0.130061992987581
0.247165001672243
0.198230186417535
0.166280725487781
0.408654889530619
0.132824224231626
0.106649901693532
0.312008323651096
0.299745377448995
0.361248849327101
0.311261418124045
0.180288203338428
0.108214574417557
0.268923358732642
0.161946138325001
0.382337867616455
0.469856449666763
0.232954597995855
0.15833742088394
0.489565150696051
0.168450538423382
0.472247340083939
-0.187634786498802
0.272031146837701
0.479907302945457
0.423479435979262
0.442580238892379
0.33128619715139
-0.0585004092642111
0.282829340427565
0.100195670124043
-0.154829822618012
0.441382339656888
0.314630414648867
0.0718358812513221
0.361614672816014
0.432973378197675
0.645527913974874
0.183649081975354
0.301177763868435
0.0722507569664332
-0.249560535994292
0.190433931945496
0.00388824934059185
0.359150137711611
0.445974872549433
0.444772320612672
0.26761586865832
0.162257741046692
0.00403362791768347
0.192145487594068
0.471801380109115
0.359415033979284
0.105724100748946
0.24381018816082
0.513310276032585
0.209161549338474
0.123282436920151
0.700335471554485
0.225953161672998
-0.108291446912882
0.215595328831431
0.47007316462782
0.299643279908158
0.128792321657048
0.386934612315309
0.301814979193986
0.0225077468357562
0.391977051267594
0.373373790206105
0.00929762749674981
-0.130464065902528
0.612657830487655
0.449001655547731
-0.00801034997079018
-0.040749448600996
-0.0688962916751778
0.12328853679756
0.513377334489788
0.211439148414514
0.326310462110705
0.253522983282796
0.635478543530264
0.207924171043571
0.0481049074087141
0.117689301959928
0.19813870664671
-0.0245292835494935
0.563206841844981
0.024089359479943
0.311744456345662
-0.167609333686023
-0.0848704108015794
0.308193487027545
0.0142300339867812
-0.00838169635388095
0.0049219748316895
0.702068958613615
0.294306072026884
-0.0955027813021993
-0.339914901598882
0.0746117975209336
0.394006585691511
-0.15856478881889
0.341364790196357
0.245304757154514
0.14966465644607
0.424436961800923
0.829604339806167
0.134899791947611
0.336261924965541
0.212442064306961
0.062297366125681
0.316826524120394
0.0760441594355643
0.27673633302039
0.157560168603829
0.347479585682145
0.197093868522465
-0.136652597203244
0.275586091297166
0.175089196979457
-0.0363438113209416
0.419126784215159
0.231299145509846
0.129686531091808
0.304383191335129
0.0855123170229898
0.740811344940199
0.306490747211852
0.176554588765423
0.490143231277369
-0.0026870652381149
0.233977786497306
0.268353026255376
0.372614409977524
0.484786635040569
-0.159779088480224
0.235974700450143
0.000997895971801206
0.0195557903159048
0.306422437827454
0.473052157193324
0.210698631426087
0.246147544650961
0.196552976086598
0.319046886812875
0.598905793507144
0.249705364502497
0.561380316741675
-0.00283962863862492
0.352331827972936
0.0808853621243765
-0.0241804266756577
-0.0128798679272665
0.447019282072461
0.083877375653919
-0.127704241765529
0.268938975644524
0.394690922909215
0.351339058244331
0.0390657410471702
0.325790016118916
0.160775975808398
0.59161167158591
0.268701454695275
0.0340793445555838
0.14854593704885
0.27801213850205
0.0826669086244904
0.249356378131408
0.236548486925733
0.177660623316723
0.209844826998354
0.386508527491845
0.200261785546259
0.5690830077984
0.0719469467836384
-0.103156306606967
0.221801642042187
0.203916096828055
0.556418074167576
0.203612134386389
0.294040202049797
0.115577506556545
0.269405980354821
0.158346479269639
0.0434727737345155
0.135484014130727
0.0696787217806722
0.445089500060115
0.0499428447660898
-0.0260376343988115
0.191788762625453
0.271200122098892
0.16303740038114
-0.179849188287073
0.173660856407084
0.18267090457725
0.151228785134182
0.116392398936244
-0.218716481592956
0.476215984741962
-0.0194331421594315
0.0878676944603246
0.305269681435045
0.0772863271301479
0.341123475914921
0.382827493076452
0.0422712683967556
0.29330676896277
-0.015411015133024
0.0582535403710395
-0.156363520719494
0.0421176144704482
0.187506121599469
-0.0683922681336039
0.215447186095351
0.424028221862219
-0.267128604131745
0.211493883873869
0.190348251781028
0.294351177029727
-0.038109256853657
0.0984640582196024
0.0238669015277003
0.620060508826524
0.0114007966960795
0.0148649424706147
0.182542877097565
0.021529326040148
-0.190558530852051
-0.147393913320341
0.564502022348186
0.527869267715472
-0.163478805043135
0.272431545712068
0.364829477103268
0.753887122049569
0.385050591066248
0.317392653409151
-0.0370365440739009
0.430336117538144
0.22261894498574
0.0922308862197171
-0.22595707310205
0.539383244453633
0.180659706643748
0.218337542915924
0.275902829278286
-0.157554147578316
0.156009392424138
0.477308680001828
0.17600861870189
0.0777517340616521
-0.0729752746019658
0.0800841831766588
0.457481698757208
0.175021497839393
0.0302907728223692
0.363843061778475
-0.133780345182601
0.431233571848803
-0.0565799604925527
0.286014349787891
0.186356436736279
0.17272754588138
-0.342438836740416
0.488793906097885
-0.0170380489324422
0.184645822070454
-0.0193432605685582
0.0284830700562106
0.0368026846943107
0.40823953297641
0.229146675110426
-0.183828639676359
0.29344815940462
0.180175827394466
-0.293562195012603
0.407246093428438
0.0476186865556391
0.131443234340472
-0.0618650222302843
-0.116777519475407
0.255492225228882
0.139794372770662
-0.130195864614755
0.169084720067682
0.695107524095768
0.476818165479798
-0.0669373314130026
0.601693119579315
0.293855465672893
0.609411894288862
-0.219276181521677
0.336563322431047
0.0338814603250339
0.0289895811284817
0.496657921806979
0.398709631281291
0.0537908587929367
0.430115978609346
0.297361524197261
0.15138761851724
-0.0853374229469421
0.338041516349042
0.458509396294414
0.198478624366524
0.25855422716284
0.349909174688169
0.211534049425556
0.0651852305127415
-0.087437511719757
-0.0664524974403251
0.405448335880665
-0.0341851709687889
0.319054180933408
-0.259001915242354
0.272093451705654
-0.00237003161071653
-0.0455833730063095
0.0633335846132785
0.346481616580352
0.333102550342382
0.239836192139257
0.156499461099193
0.21316771335226
0.0295758794865115
0.0510960037626475
-0.135617466687469
0.0493224097522706
0.194372441988685
-0.0259886015570082
0.127351394979326
-0.0392529015164265
-0.0337080822923264
0.002801811096867
0.207075541720283
0.0732151082681728
0.286494589041188
0.722618397000534
0.0358168503470918
-0.256826052824672
-0.115704312996852
-0.123593511613197
0.23372407172961
0.418525955689486
-0.260325414238272
-0.107339124640011
-0.0533835989706871
0.295891068096126
-0.00506851415118272
