out2.pgs..0.2.
-0.00882757050646823
0.61639775725142
0.558150376014489
0.0946840466828913
0.593151990301652
0.279893803424597
0.847530167366377
0.247976018673826
0.787680680264292
0.27168267638567
-0.00221338031057651
0.134792925808861
0.453148142784709
0.0645559319634601
0.52714917460563
0.143029532998066
0.508577635426151
0.158543237828127
0.201781686492853
0.070890505560391
0.36012097851452
0.484836557415659
-0.130433635274968
0.135027463085774
0.215434923884039
0.129137658106615
-0.263511943904175
0.295071283447524
0.217737237283424
0.0263499050108687
0.337334274993283
0.329365261420083
0.182500949602895
-0.0514661848261958
0.223560724469316
0.512775413799463
0.0433570561348295
0.561495016521065
0.526490367587366
-0.317642321223153
0.468925858334916
0.270330332979385
0.381076259780586
0.2310443543807
0.147052213163044
0.0456423288023925
0.261086369411165
0.393406604569382
0.104162473813815
0.250460870000416
0.645888579299373
-0.0225832740943458
0.587166584224218
0.667799600477882
0.327559720447211
-0.0282201406578469
-0.525227405453929
0.505358310891428
0.180816627506049
0.859092620594187
0.817525577748111
0.208688789226042
0.161655223649082
0.0466916977712748
0.415476543578435
0.355562643999031
0.486173200312505
0.236991489402738
0.231486887218814
0.758873429737733
0.369930259306583
-0.0159365693958786
0.2702908566472
-0.224220624055453
0.474629024251311
0.0729991875296136
0.131476680624655
-0.292573542950363
0.53694257671998
0.456560367949966
0.523367963288829
0.510751260406555
0.482264031770085
0.6377649406986
-0.630172717239599
0.293495577433968
0.289510785982021
0.0563728875784402
0.492474049103704
-0.0148428703303645
0.394693900186763
0.101605619604582
0.485385405240071
0.422685658804857
0.0337632456585332
0.339308860861163
0.477212051271955
-0.0497491925102745
0.747250156393771
0.5157903904168
0.314183314132965
-0.00616924649821296
0.423849732286395
0.527603567916316
0.138416696177454
0.0685011644377589
0.445168666582444
0.391488624548618
-0.406255372963106
0.640741549397221
-0.330016208400278
-0.14171308437104
0.197436531408779
0.37276100898472
0.504404946370617
-0.408701037657253
-0.00834709733962177
0.556453244414543
-0.0742225913790906
0.520018878451987
0.0127265204543305
0.206053648796201
0.35797857858915
-0.282663236953131
0.300509683223545
0.258653455043311
0.246117927592935
0.234709150529797
0.33100225085078
0.171452349544931
0.577477566648105
0.922667202832736
-0.186521050220767
0.600311427865243
0.721968889238576
0.0396566251208997
0.24598932552851
0.356902303541865
0.661349813280469
0.448367525608403
0.235398262483881
0.779051321906358
0.414170790638514
-0.0815164433755396
-0.169716867444694
0.288238007784428
-0.041096345858865
0.044729748593405
0.416973115876727
0.0435022078504607
0.00991090951651741
0.450577103708102
0.00475578040273589
0.206359566666125
0.000536566483995304
0.189533324828782
0.187378736271859
-0.0180545327948214
-0.0998001201220768
0.395052403548174
0.309631298802612
-0.103884220546172
0.188875667473767
0.647252517716284
0.341273300939363
0.34843726391026
0.859878330775622
0.100758603445402
0.310293918270143
-0.0548127637616491
0.426243519195496
0.178631518646832
0.677371844495054
0.39880696009843
0.349503550415996
0.373672842623908
-0.103358285888194
0.397637310224874
-0.158881295819004
0.0720097331924516
0.129368357818242
0.311194642973315
-0.0952653887867675
0.125095896153501
0.910164825384469
0.470797386049108
-0.0184581815441872
-0.1934172646854
0.251493495739957
0.37374223155905
0.2623725515407
0.354027571241148
-0.0966654292944935
0.177618074744569
0.678339368033017
-0.38559238140591
0.153749759940742
0.582500246853744
0.151945566286598
0.719616000206168
0.177181770237833
0.338140071131959
0.343385464119275
0.802753333693629
0.365168308514784
0.488109220911146
0.286830586937248
0.304041228759231
-0.107070709488538
0.32274828707577
0.389350903389632
0.0691062925244856
-0.217567294084702
-0.0613098306013047
0.414680964322012
0.0402343883669439
-0.0560549949210303
-0.142820930897382
0.40148738508545
0.280450416539964
-0.0354076040477062
-0.0174545619474862
-0.248098094304294
0.489263472708807
-0.00888815461568405
0.803552293489144
0.353182350950566
0.281338783279808
0.301269795620084
0.470681689168477
0.224598950952399
0.195950540210043
0.382516156447405
-0.166953586996945
0.102405994907159
0.435632726474079
0.142153753955457
0.21809762889359
0.403895188886436
0.654460601791695
0.576718367615987
0.00969494812748657
0.615764527190487
0.258203019377615
0.170090589487435
0.47491404209648
0.0266349007766535
0.548352176424479
0.323113895665792
0.152025078680647
-0.0863516361051543
0.446633366950085
-0.11828020549717
0.228218811665061
0.0835030250593319
0.112177875371285
0.532066892996087
0.688827541483091
0.318135977260238
0.208211140174314
-0.107384215797651
0.440653656033193
0.60276800866162
-0.0389406650599277
0.474435189764265
0.179559641254738
0.0188570157743586
0.25314881525489
-0.15642739440895
-0.0301670628708021
0.684761126776131
0.005062431921661
0.0319801713178762
0.302159371360498
0.158582759503806
0.0364089670116484
0.241407791046928
0.548677154232907
0.660183247903382
0.387084691521546
-0.310051666751906
0.388040062552411
0.329039545340744
-0.103624370299614
0.364116374951462
0.35429894615985
0.324383256932974
-0.314979078819843
0.148098551039631
0.272395047057728
0.304564045361481
0.368620858187372
0.0976835988654681
-0.36846304645215
0.520661265639186
0.383667801181691
0.0967455904402022
-0.24142017526911
0.473164674164195
0.243003184467814
0.336879691672432
0.212669595057569
0.585107887553734
0.292954095033724
-0.165694798980039
-0.126506307089664
0.0560053680319483
0.388239539063857
0.137689635923135
0.652761774204625
0.0661829468804559
-0.0185572896579764
0.665379939969446
0.223054677962827
-0.47528451126736
-0.387214670188377
0.476852787365843
0.00844712841769257
0.432300846399228
0.158196721669811
0.175945459614529
0.34999672327479
0.500083466280084
0.239339620265804
0.433779998488857
0.327639568552639
0.187518981001994
0.287405626068779
0.407438351040767
-0.0144100832055718
-0.269606860445931
0.262861099863462
0.369258851663438
0.272343135651276
0.59098019553281
0.282602440571042
0.314291182004303
0.148136279379838
0.153490823924223
0.521943375411859
0.494018985969476
0.553331730913341
0.187883868061608
0.000380347376342703
0.336061913238011
-0.0420281395500526
0.0790875278711681
-0.1800633354944
0.663682836967026
0.468447181195862
0.33030422836463
0.659893311792054
0.22365920222432
-0.0255373038034135
-0.0575729754838766
0.148981500209007
0.591197411283898
0.186663038631719
0.544738993445929
-0.132309472899713
0.345438285907373
0.00526029755253945
0.217098405190742
0.289790928887983
0.179773265247775
-0.208899223267471
-0.432562589320813
0.634009374315418
0.322839387951778
-0.0308785594985911
0.41429633013812
0.447875692529166
0.0614479572862967
0.291351506991895
0.0500576028701084
0.0608922325657969
0.710327097418428
0.666039859258901
-0.0379378814800966
0.418168329807117
0.339634165582994
0.61817268529552
0.267079378744577
0.339712252934421
-0.027114456843936
-0.0117924609955446
0.395222147412862
0.482955516476875
0.599167851550927
0.279421247967283
0.362482148964896
0.431351429474644
0.233145748113727
0.0900711690085928
0.79817054634843
0.174429605048473
0.708046275401152
0.736541595549966
-0.0742812361431456
0.41325414633918
0.0190935487080466
0.0384026145304547
0.456666575500478
0.339499107512132
0.378367316988716
0.213030710509015
0.14627411196756
-0.278443745641262
0.616246279872759
0.103381582713244
0.529793394860656
0.416642222216221
0.0341070740772822
0.0633043103349831
0.0765828876219153
0.216367852046961
0.324012852789383
-0.170123802595227
0.63480179233768
0.151495045173928
0.236516526220636
0.0527549368021029
0.343338950015956
0.512029013313069
0.289550879550172
0.404001136562975
0.371761127212717
0.495532805746014
0.223666163912261
-0.169503021213482
0.0321653655451838
0.531040330110885
0.525632757067017
0.0879873239247825
0.268665722551785
0.325910130532077
-0.298181247796188
-0.182855863998593
0.145845972436964
0.234523023445059
0.255539236136845
0.5353689147452
0.0423933691405498
-0.067101187573266
0.920214070271521
0.26181272306285
0.30172513337107
0.582014875553452
0.625998928668657
0.190197414399718
0.16021740699042
0.131888892487801
0.521716495389942
0.265852631122461
0.504682007679866
0.224029695942266
0.0575553070264326
0.434298411981538
0.0325938091648258
0.254882250827155
0.317860017798707
0.84946095609764
0.37144352977775
0.343727300337703
0.014445100609004
0.132993475597565
0.282010410633905
0.314555826530515
0.432545137850822
0.0942260742240259
0.0279890619585524
0.353821584198468
0.31942290520571
0.476980357060777
0.511369001991969
0.27983424447016
0.108144770974909
0.137877528105645
0.32791721969406
0.380525981041067
0.711581185163327
0.352838701599266
0.200606690033618
0.644321276928088
0.297649662654811
0.608827050400567
-0.310611177460632
0.230091439046695
0.571242154816822
0.506008314396224
0.528152432098047
0.499018207105678
-0.145251411616024
0.323756357962952
0.16915829047779
-0.244799951160183
0.503064786471037
0.474956419619117
0.038866396647438
0.341521312016413
0.583969342793394
0.767706036545131
0.224563317406727
0.417401201893093
0.187590335877514
-0.373467339906387
0.285067217420427
0.13587386772549
0.430623045784381
0.557595860278211
0.495367198147037
0.337942223485587
0.170485080584425
-0.00117369814800056
0.315133367513996
0.590441425787211
0.503987751850218
0.164585464374131
0.303028427578243
0.659578648622282
0.225037622560314
0.142751525930556
0.886214833874145
0.013941331791177
-0.122848981028689
0.307185468228055
0.624776379316395
0.452067983010483
0.0310179959639635
0.446033228013972
0.339314864291926
0.0555832428289263
0.462021694363817
0.456356177716849
0.073916370403521
-0.0542290971137927
0.839710047478942
0.614162741305224
-0.149549612955018
-0.0241427631198351
0.0734064878263603
0.228020593553358
0.738658326459569
0.200741598000539
0.252039110188144
0.319200503826222
0.799311576589404
0.26220676937355
0.0557392700441446
0.340846863210873
0.192238913580962
0.160247116797876
0.560157068082023
-0.0808366678997114
0.455295083211271
-0.110137078011372
-0.0525038610570291
0.538430570408835
0.0951523633985258
-0.0501769556028497
-0.0188472741619345
0.819337407670512
0.360752078438162
-0.0460352918140099
-0.520257304216879
-0.0195609384360899
0.469753726355182
-0.21490866623777
0.384299919868723
0.205128694237556
0.0815605017291056
0.506872168559163
0.945134255408234
0.172658253869132
0.391642283011409
0.307021863537454
0.143104840263284
0.521393236644404
0.140547440641055
0.236570681386859
0.142094878503574
0.383921499691151
0.315565608584861
-0.159667740766646
0.262535220413024
0.332238154515659
-0.00670084274928878
0.492836847097404
0.240310645007297
0.0894641259256656
0.369189608559338
0.148494325955098
0.908311479770277
0.28236902788396
0.320384615001286
0.672896987045316
0.0717770969704201
0.316333841815694
0.417180727257671
0.497019118381458
0.617909838154334
-0.308672551664188
0.307225437874074
0.185133142533403
0.0035799319778085
0.428755919409325
0.631889895634071
0.214817206157852
0.279345505838195
0.371901593187096
0.275380455429369
0.734348735805111
0.289612398542019
0.646383197291467
0.085871070871698
0.54595148661136
0.0597473275832385
-0.0816517528035874
0.055469792842322
0.542404267906758
0.215082263394251
-0.186160718284337
0.229684862676379
0.489850338447759
0.361690708220248
0.0823219094985502
0.400987343995617
0.236278752468809
0.771711414494392
0.3589945633488
0.145245741793139
0.194968943058299
0.162661006229755
-0.0960991310683392
0.528513322230961
0.230347572849676
0.0360917942432531
0.293341667857914
0.471393778448803
0.347474868140831
0.730057881799934
0.108179941106182
-0.0912640419211658
0.303777849902969
0.298144242739859
0.833446501244819
0.214069999756131
0.404043079697048
0.21378945958942
0.354717661552734
0.174894622220204
-0.0949337288563684
0.311086702949086
0.138370103948203
0.678330815526334
0.0229412238112417
-0.101247171629445
0.214780064987764
0.393812462430667
0.333568771297196
-0.191288551114208
0.27236493925871
0.179369955475766
0.0163771711528778
0.232934697035778
-0.387251935895447
0.669759745933754
-0.0763031928010763
-0.0484815487290895
0.299651937842747
0.0891531214156038
0.433121934877775
0.513750165403439
0.0855421528199507
0.417795425445205
-0.0186347354641944
0.204532956875415
-0.221186399156884
0.155270777926872
0.387780583642908
0.0312036158174269
0.333844869251822
0.598153994866502
-0.0961935001716149
0.295663383431722
0.251537519495325
0.308264000766078
-0.0777147473487002
0.114437948434296
0.0680581361777271
0.666609798455228
-0.0545747205124242
0.118535998974135
0.18326284888809
0.192788681560686
-0.178249919968365
-0.110599926741879
0.687222007618601
0.636260625615241
-0.273108314464688
0.265638043922106
0.564877115851589
0.868407676917413
0.386958512387052
0.460049283400078
-0.2316270880752
0.45835856794554
0.300152970864856
-0.0759310002277373
-0.319098445995179
0.656053244950485
0.29291121066477
0.293389718585578
0.298705714787073
-0.283722046581586
0.223063126545185
0.604741928009577
0.217410783405939
0.1742148146826
-0.000695842157560049
0.0277215400964056
0.64073400796821
0.215740025981945
0.177701242175572
0.511070993333118
-0.217755375669994
0.45465883083424
-0.0779988345154773
0.368323951805104
0.147254858099402
0.256894980407412
-0.527726639727445
0.698077708274902
-0.111584549765879
0.301110498157656
-0.096773112573446
0.0550834797386215
0.0981090932307988
0.518758809133648
0.264747585466216
-0.186800117381479
0.129319386217941
0.229336252858205
-0.392337924547174
0.488365589532123
0.0627954273733931
0.0342005468817768
-0.0410749265580758
0.101079159815621
0.38835702836528
0.173937203777169
-0.286369941115197
0.234703725019353
0.811453046933026
0.690574266489
-0.145714348545108
0.757900254461144
0.431443487654933
0.712126483609054
-0.312433141797975
0.311966309832265
0.141501180185624
-0.0586469762210363
0.799435112724469
0.480992080753783
0.143787693247275
0.551471227141682
0.460218352885629
0.281409438618371
-0.0851252830696458
0.499502116320775
0.614149406959887
0.231572253690845
0.362884307013102
0.573194697049168
0.308988333426935
-0.0691934397632103
-0.013605005283822
-0.15696790801241
0.471640111550089
-0.0657583384321667
0.446685872459299
-0.446197780174765
0.421031963404805
-0.0904722314543781
0.0186933532262731
0.188528712740539
0.374139016553404
0.421883016253082
0.304106340529114
4.97612042682505e-05
0.207371699548256
0.177755127874713
0.0242652188051358
-0.252520559914684
0.144036944343056
0.246237559306493
-0.210309778641624
0.188200195504887
0.118334391707465
0.0882326479781764
-0.0113808672822556
0.202751914633567
0.188669931448421
0.372328977063317
0.822620862363356
-0.125162440940986
-0.389138524352517
-0.269930745520414
-0.152034251111677
0.143560890547742
0.523994837461332
-0.23075575398074
-0.131105826895989
-0.0115705040896295
0.383731526807112
0.047590994336288
