norm.factors
0.40284205635132
1.03032714574252
0.560847317384647
1.05056385253045
1.3763801687588
1.17045322933528
1.29157865494401
1.01207527183596
1.22647638864306
0.836503170655468
1.09796521216826
0.914511631379637
1.07482909726415
1.10067312607422
0.877925017769947
0.701794657521401
1.23646941946467
1.24651021192207
1.06783886862435
1.05739565125524
1.29700177081216
1.41306869585885
0.781511580195432
1.53139233803977
1.07998305780739
0.918011506493968
1.02522997798329
1.02250232910972
0.961354956156773
0.496703334045888
0.679549223787503
1.10474089537186
1.34920798998869
1.68248897955345
1.3021384727029
1.14540003883926
0.89031562470605
0.462784968058801
1.4698250549957
1.28467181713054
1.07468374253921
0.968311169654003
0.895375408723297
1.08103795298314
0.948772296308497
0.843198657181638
0.894744041907824
0.816143117742373
1.43162784047634
1.22421045442974
1.59155837889812
0.716194092085371
0.45194156162083
1.23857165279761
1.02617759942239
0.939478944257174
1.00817694559298
1.46072530266491
0.964388900310554
1.25773738706366
1.30355363848466
0.862776088275994
1.3311883503026
0.735696405411651
1.28229987637073
1.06727936963781
0.396724667171903
0.999245822802381
1.38717363821874
0.838448511542472
1.16635400839197
1.10594905059956
0.940169246425534
1.03858348973243
0.78915445969352
0.992369961784408
0.821711268540094
1.0760887958375
1.03683930908412
0.868874122513751
0.566598443494875
1.01628307984508
1.02708989891679
0.796532873612445
1.05064230266208
1.36275455445773
1.08332512015954
0.3505109248476
1.27511207055369
0.727997237074351
0.976768058465661
1.35137903400151
0.380119183760337
1.02188225732
1.55439201779763
1.34975046282089
1.51012701007462
1.05204606760579
1.12582188585237
0.718402736030255
0.902412428050718
1.51452945056233
1.06551490463793
1.00347800193487
0.705182434557213
0.997767688185888
1.09535748062637
0.631287977343897
1.10481111376224
1.26632022184578
0.994583531835517
1.09845241407088
1.22393837255816
1.04626082945195
1.1918278357446
0.792895285873955
1.29944854971817
1.27803730083463
0.977667046318337
1.05820858006905
1.00780130582456
0.929983176609911
1.22730816384864
0.710138873484888
0.937077202889521
0.985817009972173
0.630099792548608
1.47054575865671
1.15398323045162
0.995532301099764
1.16082872045652
0.767699099760138
0.70427593713855
1.09531656588029
1.08840097295685
1.0826837965766
0.66569092429433
1.20387283190234
0.844136847987864
1.46166390885855
1.25615740693503
1.08272348714773
0.650432214392304
0.955985507376834
1.46610976169478
0.998157947709856
0.619495331960977
1.04294813307716
1.28119912498024
1.1697900527638
1.04231995006359
1.28520626035185
1.25930354392205
0.488036064753583
1.01158352413291
1.26030736537264
0.994254634995782
0.573617622077728
0.314646835062638
1.18033562088547
0.952130817538592
0.692585012453558
1.31791048429944
1.37586939725335
0.805058994710113
1.03264701782269
1.58309612370678
1.39749253272835
0.488270783409154
1.16256778916543
1.0941799985674
1.00297765266904
1.22270129555787
1.30913468893615
1.10444717986579
1.31465920228436
1.0938647516828
1.30920315148974
1.53237633260452
0.990454906493076
0.410217864349543
0.454890352420194
0.653576753496734
0.387114256836737
0.625515295560534
0.457808246061155
1.24984910388521
1.41491958447213
1.29272197597372
0.964954479344309
1.59499876969997
1.00819102607532
0.950602779101129
1.02621171054205
0.830378053651217
0.853807897593403
0.944054828092621
1.16882518526806
1.06052597185583
1.45246605430043
1.3510485294697
1.34319997638967
1.32219964085898
1.14725570805167
1.02390654032206
1.39902826217236
1.25649423488619
0.779732029520372
0.363948983428598
1.12007848735648
1.56871900203089
1.14205915870138
1.52019756892989
1.146958330479
1.07921524090826
1.60155477872821
1.2948063345433
0.724114359781772
1.51875029039602
0.836902352631998
1.04727395423014
1.1219751813249
1.38928924506796
1.47114896890039
1.57323681925093
1.18473491435183
1.2133438881418
0.470510090924046
0.752968213215169
1.02446110453392
1.32673182287067
1.63313100155026
0.919511291480971
0.554412726303695
0.879052577096617
1.02155563693815
1.15731872976092
1.66660991703798
1.11321849683362
0.657922128358431
0.733918965063752
0.847003852392253
0.758010185963389
0.540807223942007
0.836441067163344
1.09654652709531
0.715145818846954
0.881189330172562
0.809173620094873
1.34708565744864
1.05041363499305
1.07217173514851
0.508127172459182
0.282696024662924
1.49490873720887
1.31470791664871
1.45428978235888
0.940057148246931
1.288031947786
0.596158533486494
1.14968750586559
0.982659039351073
0.953054550268943
1.02088977607006
1.01075848727169
1.07950703954285
0.941652009883642
0.849008673938209
0.926562792696694
0.967870848049814
1.18082035133154
0.965002289602658
1.39510280004156
1.15603365214025
1.31961033981742
0.9252089292663
1.22675791840535
1.09567824481896
0.982874395685452
1.00083981652143
1.04285938830137
1.00508452364266
1.04473006245845
1.14145471651658
1.38660223121305
0.311916831462918
0.898133947732093
0.532017181884015
0.804306714653844
1.0115213783002
1.14834409892756
1.03152064799794
0.957377367353644
1.32225027905671
0.967090856272697
1.34217727590996
1.45197345064908
1.15371455386893
1.28476674672932
0.763411235792181
0.402586076909815
0.934576804415509
0.525860889945615
1.58156292325166
1.43563746175731
0.600971931967761
0.732863795089012
1.22822937013054
1.11952641281512
1.36750674958429
1.33915712427336
0.98630915317945
1.18639536331294
0.695790557881056
1.03154001708016
1.45018729314883
1.04331504301866
1.25412702360272
1.04005462182321
1.13250700861446
1.05415131556113
1.2697789616539
0.550972320412861
1.34222746239119
0.958792298990203
1.54716107632787
0.727766857513244
1.34533718037429
0.931112501478183
1.2469540983127
1.05645734134172
0.524338933288531
1.39562710495965
0.557307305357039
0.903758765389429
1.49378080729287
1.16612827924022
0.790428610174007
0.397386415217544
0.934266901716728
0.471617846263134
1.23507766694003
1.57269819117974
1.34425921914509
0.925822176115103
0.468535840957425
1.59340145094835
0.96193759387271
1.04181889982339
0.505131561578551
1.23510117949634
1.3031179870809
1.11704494856059
0.616142987542908
1.24364358433296
1.31518821880808
0.683860004683434
0.475171002196516
1.32571053703172
1.39128919773183
0.573821949966152
1.0181811502658
0.731512770097711
0.498592483180843
0.865552079005951
1.34258040667845
0.921053015000445
0.495261211500437
1.2039924489173
0.957903194944789
1.29377328209218
1.38386582703322
1.25974999371534
0.899667146250429
1.12972791193952
0.910701673112733
0.732826018449373
0.787587865190899
1.32015632023342
0.735498346568345
0.289603805339086
0.961898001081879
0.566976378996999
0.87828605548978
1.10665999937415
0.928574300601972
1.10851071844584
0.712228658932825
0.951341980358089
1.17705643232542
0.778517913923586
0.84553901148193
1.27229447780687
0.833840361745787
1.27716172271495
1.13835570303677
1.23064602582546
1.21026408627113
1.08476870791803
0.860799680669405
0.785511815368095
1.62790239899523
1.45012714269208
1.26846303957464
0.999106076590897
1.13273067510546
1.25319402426138
1.14416813186182
1.26493529931779
0.475786486765916
0.994667634077383
0.946330901965209
1.55305469203599
0.869867232618538
1.27561392847213
1.2240061810087
1.09007752251654
0.884730924565605
0.307511764519917
1.15183754110854
1.008387425208
1.72443198918294
0.442385541358693
1.37324953053353
1.16967743256715
0.520922441338414
1.18121008870806
1.26483956494631
0.547668316476926
1.20920800785179
1.01320987779501
1.2324754064177
1.30588861601209
1.28037028575819
1.04171419044486
0.388064327886088
1.19117417164121
0.560130985344456
1.30720421858997
0.151849596774871
1.47467412241846
1.02777921591422
0.790978896714015
0.951012622393404
1.22113223002616
1.07378816300627
1.593688575638
1.36116136384682
1.03176931620049
1.48148963284256
0.918117992921341
0.547376050804973
0.876978362172752
1.34784341284086
1.12404209795723
1.27669496320055
0.994240225987288
1.2162123820135
1.26306665979277
1.14127084589282
1.23019708687498
1.34021132700642
0.454953738704083
1.54185382032855
0.980085358265795
0.735569829887862
1.24260371988719
1.37665484409668
0.822014367374728
1.40710872990942
1.17596736592085
1.09692779148139
1.37504377407911
1.45708137144658
0.638753526559297
1.22355000831447
1.29941513984215
1.35948857982592
0.723695646857932
1.34144685577476
1.19266085943361
0.805172359326346
1.44478712098073
1.06141561025169
1.3592356206432
0.5846018955928
1.21058661121704
1.48968076632907
0.849322709607369
1.43703278369864
1.45065157123954
1.49713657352574
1.31436324362797
1.41114270862442
1.05355964770152
1.15781103826497
0.992124538745494
1.10239434562696
1.13270906446612
1.37478017536686
1.01469138050276
0.944763235494536
1.05765854488513
1.45168591710649
1.11553237063232
0.900041008392581
1.07934906497016
1.0902655208488
1.4048282462228
0.959937153966438
1.00467619514331
1.19458980396105
0.933991053553186
0.457554317805393
1.00272704645568
1.01051034397102
1.10021849597396
1.4530642723364
1.05001561460694
1.60629300755862
1.31791876169519
1.10566877011043
0.897728057748694
1.08911626269799
1.44128466474451
1.00019404250048
1.088717857551
1.22332195996153
1.06147207685555
1.06510347317472
0.971122095588374
1.00284346461794
1.03912961605622
1.13085504614546
0.968848028721045
0.87140358664715
1.0855010334249
1.01356129814067
1.00610931382643
0.996172276528763
1.10111135690091
1.09251508118541
1.13824463500261
1.14365686027623
1.13296113312941
0.736544230030714
1.1404804179691
1.47115452989685
1.11036938207913
1.10955321646726
0.974284887989326
0.935254631905425
1.00261523220106
1.19932832905474
1.09254539351882
1.02586541271275
1.08162205830922
1.37545373515617
1.03853060232999
0.92798020658402
1.11474521447884
1.42606897786101
1.07595359994431
1.03918341988416
0.905615404446922
1.12135554882635
1.09535476209569
0.952099679929367
0.926557531264982
1.07038154662823
0.955442355564373
1.07727196342758
1.04441027259661
1.26236773240634
1.09555574902761
0.968236156940016
1.04041014577441
1.0259031188892
1.02082343638045
0.878733754090691
1.01740552561214
1.19070370590755
1.15065979115061
1.0171376613039
1.03180925349029
1.05577607893309
0.991643341182979
1.01907579590557
1.52482115563145
1.38596929847916
1.0398549053335
1.09940106678934
1.03481291485367
1.14087972137917
1.09883270548604
0.892114411932519
1.19407872618005
0.936554236052748
0.945970937645362
1.00232325486293
0.986228279396316
1.11258432812851
0.999438875831741
0.996185303417297
1.05622459534551
1.06442266950689
0.911551132285755
1.03944740680952
0.761390203488654
0.702974393973982
1.38274443735887
0.665072513255295
1.36965983532447
0.297152923202448
0.961479438949655
0.951268531445915
1.02084764254232
1.02879583291869
1.00055251656416
1.02189010337943
0.353272939364303
0.893401760137965
1.06485689751379
1.01816175394968
0.979556960540009
0.882961776909074
0.94028799111077
0.902621593432017
0.967203204859222
0.91353667735334
0.893941286658325
0.97136901786172
0.961344562373269
1.00615188240559
1.09134190609694
0.987431730850903
1.01232911024217
1.14118252367664
0.979996069431363
1.00169866893188
1.01919515960944
1.52749813277969
1.06067882100618
0.932614469894151
1.20589721142984
0.819153094152656
0.758258477265316
0.788907702364146
0.976748958046046
0.903081123820179
0.9777136082041
0.876363438945535
