v.best.pgs
0.591945594276486
1.10415495043118
0.700935812741802
0.879607005481598
1.0550961787886
1.01356429241519
1.15271526114566
0.297033294351963
1.22058169364448
1.4720469629662
1.25442764915951
0.712927178117432
1.56228418606947
1.0763833617442
0.800642385113188
1.6149245808833
1.2086614150365
1.19516850932378
0.962377882958571
1.20538017830391
1.28256923683879
0.843002971686513
0.803646677559543
0.998785405950277
1.29638699291432
1.01864210320135
0.570428223966628
1.39280327264899
1.14684114915184
0.947882724545051
0.316755620512418
1.17789690086527
1.48054891506788
0.730375681090536
1.19689879573688
0.744891709225228
0.15555139149673
0.832006524627052
1.33329208068595
0.378888123329738
1.28275100088529
1.14118379925175
1.03822630254573
0.630196997741522
1.22159784681789
0.957106757169628
1.57486382726507
0.503126578992452
0.684584176702255
0.701700039200229
1.04109665711694
1.18009654570069
1.36538272765994
1.20053285615432
0.816289409809023
1.20904787105882
0.834445205183379
1.21276076610282
0.861554244273908
1.53444172759216
0.879392725536379
1.2594382362954
1.24587491058032
1.27551864459158
1.08517488962866
0.981451254608986
1.04049371489718
1.12923957629721
1.38322138163393
1.29765789493597
1.29138646777768
1.01649434510676
1.02834621042775
0.684498520579079
1.11412154496644
1.30360125282603
0.490732886132711
1.37157801924962
1.14650916742745
0.776904453245114
1.11369495329388
0.569293587780696
1.40854817415716
1.07626913386036
1.36022638559484
0.612922022820848
1.12736840401793
1.40137388248793
1.38422352872978
1.45058321915619
1.17284726862957
1.17098434189561
1.26958484416061
0.757031499546662
1.12713975544083
0.619727040272746
1.14438007318447
0.66918695903129
1.43175302021965
1.09645660182695
1.28447598475313
0.63679704544536
1.31863125484489
0.846706717273837
1.20379468185679
0.926622819639705
1.13839563590982
1.13504177813011
0.814606408494564
1.04846418926232
0.46960511277656
0.951555721747494
1.23730130139225
1.44587530301829
1.00582991269898
0.734232573525848
1.48004449022852
0.963561781237288
0.974656427922695
1.20236495132894
0.435072988338982
1.08521573727156
1.14520136977885
0.536553096373185
0.942322083626208
0.871368161814317
1.32427900696399
0.836019660202198
1.13130551711108
0.527659797886208
0.556586190930858
1.50600457286572
1.56829462620388
1.25619394557049
1.12966198020813
0.457524162481886
1.13645972149616
1.24016187505863
0.691535603556844
1.02285596608874
1.09762944380769
1.26806326271275
1.58139054128416
1.29274875203812
1.03442270737315
1.10430441532387
1.25346332863149
1.47115161269465
0.858672089380451
1.29539150152992
0.953499342210127
0.825537766902112
1.45672374554552
1.35945636384322
1.49269585451733
0.505602267353917
1.23841311853833
0.804932645842564
0.874546416649868
0.798124906137759
1.00065590527241
0.586146449364604
0.830076899101096
1.40857749637944
1.79911338214338
1.15168910129056
0.970763775411851
1.44296850917172
0.899928806123748
0.433390534014196
1.91363883788152
1.10629222967763
0.61042856805067
0.778341404912277
1.13657926283413
1.23324675819566
0.245316915295071
0.896841439521108
1.13781425033612
1.03575025462607
0.838826759191467
0.753908840398123
0.87503890231402
1.08700879043826
1.29069447782073
1.61880585406559
1.15261998473999
1.34221027156128
1.07967173275555
0.8831934350892
1.27529036188071
1.13151399831053
0.57620366549032
1.32086605035693
0.76557300674652
0.672749797676654
1.08176829976836
1.07227437875177
1.3382301323111
1.20438944667847
1.09256620138984
0.864076401323453
1.309094422414
1.26380879404876
1.13793336816471
1.11856743345985
1.53347159502918
1.49197796468262
0.629724593846733
1.2426969191358
0.485320863976644
1.23611671701906
1.00320575965748
0.665677776409755
0.765588026929573
1.05424147429997
1.31619344957774
1.26205802042989
1.07025309589426
1.25283683382702
1.28154982971533
1.53619707679301
0.674044254603656
0.646695657633283
1.24257323167021
0.725288373239934
0.946377149656566
1.03763869613588
0.949755036712034
1.47092445276092
1.15333404485762
0.543799616287552
1.60596902438781
1.20940527343555
1.28254961461205
1.21478831500107
0.993311309177242
0.662484881144207
0.979909859946696
1.03352703543879
1.32339003600443
1.22111636686378
1.40992205358957
0.879223584802438
1.23894559953088
1.62137991248457
0.509419076278263
0.770889466191658
1.04213946680668
1.92471481909152
1.48760308578566
1.01365760444556
0.768798407808463
0.795871737305795
0.860264039283348
1.27029412699876
1.27487638767299
1.11207510643875
0.980305639163103
0.850992059135142
0.75002382812526
1.45905312728081
0.60182608770074
0.915366830711634
0.982793202614394
1.5566224980434
0.873275279116216
0.805612576358961
0.655728981253615
1.18121857316865
0.802392526168556
1.1361892730096
1.02043026707002
0.565144687089837
0.976989037739536
1.00949527300085
1.29881273524688
0.737394342590653
0.978029819897677
0.983151285156907
0.614162200717011
1.63813573657771
0.99447448839733
1.16177577988031
1.4018505907402
1.6843969930531
0.990321514252131
0.604210029793075
1.05020710705542
1.85053146829861
0.986023011611889
0.883402870229296
0.844864920119892
0.812838978401444
1.19550240102237
1.58343691742373
0.787451703027595
0.862827340396629
0.872997094439519
1.30798053186119
1.19863908074932
1.28003858403675
0.819728647209575
0.791573448030703
1.26242993678346
0.966192760183085
1.18879561986161
1.22405332891359
0.811029972246338
1.07419289327283
1.35041751551877
1.80634293094812
1.04329747300622
1.05119885823794
1.25389824443805
0.8381804868665
1.08071288024635
0.797654416950169
1.69518569634454
1.34042431286574
0.851081170338785
1.54261115246325
1.46434620604015
1.41401812334487
0.800112899952699
1.18469756648369
1.23668660337144
1.34076484485809
0.860665251002769
0.814278129830454
0.80247654761896
0.719012616909916
1.2597703608576
1.142007869934
1.04326144846142
1.04026781828928
0.617405665681733
1.4034616474914
1.16989523135528
0.390833786584985
1.22598092518209
1.51262442975362
0.771791537565917
1.15923545817803
0.954226615976928
0.933686739917737
0.789629039174399
0.83074511055526
0.389825314368667
1.24936352101185
0.818594766768138
1.17023957079052
0.923801627992366
1.13336717578488
0.634762166120117
0.956879534355486
1.16915408635445
1.69736156669604
1.41816552259836
0.658836631725095
0.937895998959964
0.909943876388579
0.877291307713007
1.22345576613725
1.10240328493305
1.20703298052961
1.29825213625633
1.25791779571413
0.951319461007157
1.14995352640133
0.908706446989851
1.15834877982934
0.743992013547745
1.04743107271288
0.859318059964376
1.3723471846565
1.41605423268937
1.29714444417971
1.09065451273783
1.18765844208401
0.590718857926708
0.733782984375769
1.18233582118529
1.68565454031405
0.972863994501489
0.510898165281666
1.43088400582577
1.01270226184661
1.22070145211938
1.30399736928398
1.01896490881527
0.712963935161654
1.09638690177201
0.936001236012988
0.907606461367374
0.710646704932362
1.49671413664
1.53769791685586
0.410055067399339
0.883908750241363
1.42058383669226
0.79931355786241
1.24595981082647
0.980742806207505
0.91412361003281
1.10093155334895
0.843080464261276
1.44832972975161
0.844817041084284
0.887795831670882
1.16038976168958
0.95185747241466
0.787601921778427
1.1119737537088
0.215325199438909
0.909335142356494
0.907029105020822
0.826764343736094
1.10978022503288
0.838730966707522
0.989540398444802
0.957403981825816
1.31942132692689
1.34937391047861
1.0703380976624
1.07984371433408
0.60119053901217
0.950354980422377
0.82813431779105
0.414920612147695
0.854620887297778
1.42048344427032
0.548640911008755
1.29912441997877
1.41941020998155
0.626380983135245
1.41337656925756
0.79353389417362
0.990902924348462
0.952654873681978
0.161048817920863
0.954118097302205
1.20802180001656
1.14134378451814
1.36141741045849
0.627626558601566
0.717479102705057
1.23100994634453
0.902939370540778
0.82105023095395
1.56957579972701
1.25261188326692
1.54851023694114
1.12571696791702
0.466692149287866
1.01951548890288
0.696964603993003
1.0734756609093
0.418511851082513
0.918452941851991
1.36984781012183
1.20512935239878
0.648092218848645
1.56656140668558
1.03274991357083
1.13664986371259
1.03224202546179
1.46171821640933
0.962684410968893
0.440610538680326
0.593310233353447
0.786305874800191
1.01513426120315
1.02810445712804
1.17624603498108
1.42963854126816
0.918490338533659
0.79540860932
1.27861587186642
1.33939640276682
0.656913107889493
1.41988712791214
1.27760496201831
1.28606356343731
1.69291530049975
1.21830150934225
0.976555213122716
1.01304364603082
1.22716853695404
0.867765377081219
0.945034449221731
1.13857950273756
0.763547881263881
1.05876375091142
0.898752500346097
0.600630702237352
1.61358645306482
1.19082359610379
1.00364630335454
1.16700342470777
0.986076017317097
1.63850021635233
0.532849948928975
1.59648608875604
0.921281295146778
1.90235103751486
1.44471653947909
1.51874135239543
1.90012109060445
0.843578890449799
0.705439403957424
0.715440204062547
0.942380651835061
1.88905371817216
1.11276136414605
1.28841271392678
0.908262942330459
0.965186861444061
0.905967804895547
1.12318811214244
0.498925433687191
0.889329261643012
1.14804076611936
0.434454951218561
1.33591493138015
0.98225344933095
1.38590106862069
1.52095449195917
0.628467006467272
1.54794942030584
0.856948786593595
1.07432532072638
1.15863860003105
1.09378950607011
0.851179202964891
0.817194044595237
1.09248243130548
1.27441952016504
0.562523324233824
0.809007184352064
1.062911306374
1.42774780945948
0.875340980462366
1.59169008100589
1.07459365537197
1.13908725684001
1.08061501501378
1.39331238408415
0.736520885526653
0.868344136895877
1.4914374424052
1.02414332988866
0.651041926197864
0.643728421228303
0.879289590955273
1.12063434369269
1.03099840500131
1.30937013915764
1.55149360528653
1.50779933244086
1.09933473315907
0.807432543950046
1.60380688420918
0.469079544451788
1.26778215977328
0.848717480521904
1.09168766307994
1.38590237491512
0.445079839940878
0.816336426533506
0.704274380160579
1.46224311483205
1.24071489090813
0.962845381722139
0.931140152967162
1.14720819437841
0.908041279461966
1.07283919613478
0.477531752029077
0.97148007301954
0.688416611212589
1.42042821914555
1.04965908132203
1.11823201301524
0.730576515666888
0.921997335161183
0.836095594692387
1.07763178723652
1.21642413081592
0.934497513539038
1.53720389418775
1.32037725990492
0.534588738486578
0.982851484101989
0.847839500337973
1.17876736350695
1.31111438495225
1.73053181063688
0.911692346878117
1.09441313126184
1.23568161405108
0.893411920325761
1.14814612428603
1.16712333505297
0.337919206749626
1.45058786135068
1.50315168406531
0.976779674356951
1.34406111573991
1.36421779252846
0.661532267978157
1.24592993010392
1.17672443785687
0.562820647968277
0.825720496131064
1.23628408392477
1.42767590808608
0.891818697149269
1.25771817175467
1.10504670122854
0.983538049902848
0.780005391851574
1.28322537688143
1.07495220717614
0.981691403805574
1.22835056762392
1.42943062038679
0.882005649102866
0.756185644644577
1.66522236561661
1.09419913731127
0.832268336581093
0.904651631069181
0.669272491259418
0.931050663120562
0.463439137660968
0.662512670397656
1.08585098576729
1.32670304765582
0.95770113553258
0.913303310528871
1.00489094301135
0.443321775070866
1.19681211825496
1.29669773087962
1.37096963538016
0.699456883377552
0.976124297758509
1.08031890762061
1.12429217761363
0.823525959770002
0.570144606747538
0.899357613007817
1.46154977295631
0.839771109937056
0.234552360800008
0.886945731807258
0.903561948800824
1.10072699794092
1.20490424603596
0.934195585802042
1.11878393375061
0.916543781888849
0.577468694892211
0.477642129843934
0.904778310027071
1.27939393090487
0.86144439563699
0.373068511164571
1.23152809226652
1.23163440364477
1.24909105490746
1.5872573105185
0.924672310034755
1.17642351478074
1.18235241535878
0.84400004149457
1.5013226722786
0.995867914200332
1.48119788382078
0.924314153807395
0.691534352104051
1.2261875309464
1.21822462693863
1.23380643516885
1.36057324732146
1.12966056363284
1.2820969383555
1.43048437324357
1.34581310361634
0.925908357002733
0.741165822905965
0.468588660373211
0.705939416619332
1.29004367162476
1.14349317565813
1.63830361539668
0.566229910429333
1.00376543792176
0.848460484323538
1.23543226144723
1.18542279624598
0.912649986076863
1.49530183136365
0.895940923013201
0.754088788236577
1.03245123672625
1.444070287659
0.590688532254581
0.845793076065235
1.48828629184669
0.824927936617347
1.32634566786624
0.970332633290583
1.07579418498519
0.61506978517052
1.29290786770957
0.493287114057557
1.28538245136933
1.32028031504487
1.16077866331933
1.11877270594918
1.26915601073422
0.7162955328925
0.88522112326662
1.73453945048639
1.45843532297305
0.690619528388943
1.2086316654879
0.937149664068204
0.872103704100837
0.718150054341985
1.25331212130619
0.551696342238649
0.0986633416348129
0.531014265153751
0.723880879268411
1.08160535878538
0.968445733396955
0.996365170146959
1.20404977175508
0.608080835526867
1.25545790850623
0.994458088118803
0.958522350969662
0.605739072027248
1.56550069541778
1.21972129001543
0.98445954736673
1.50651226967625
1.35745450618271
1.28987896855217
1.60506791286362
1.28718414791487
1.46753551908577
0.727498445887989
1.08734153259329
1.38113177406467
0.920775572296574
0.743025215512519
0.35277050840747
1.11345221663846
0.846891735775868
0.999845573272597
0.990844721847033
0.919692464124508
1.03342328456022
1.02524299115066
1.01174652831905
1.08593952964078
0.895484794030057
0.823592890552092
0.964371639781764
0.67781378437633
1.24683838254572
1.3956915506915
0.807321971037435
1.08187540855266
1.0762656926735
1.00246951849963
1.38672198444219
0.99630393314784
0.686499106247382
1.1486559442272
0.627482511673551
1.0168514651861
1.1376625022941
1.00133267005535
1.4757044248793
1.04433634168154
0.670926740983005
0.787444818090722
0.939992718063975
0.836585469016224
0.623012415938582
0.672537789718231
0.720527365001828
0.4873281054472
1.40020163388979
1.10807887924724
0.927769173308591
0.804254862719062
1.11152862038696
0.653373635057435
0.959774976475554
0.768533579464983
1.15158768317429
0.237131240848824
0.873616125592657
1.27976174139561
0.889999975285511
1.89878223223007
0.832979385203138
1.84815981803594
1.52791479537105
1.08398939932439
1.35061987322385
